0.000000 0.1 0.1771 0.1279 0.424 0.55;
1.000000 0.1 0.1771 0.1279 0.424 0.55;
2.000000 0.1 0.1771 0.1279 0.424 0.55;
3.000000 0.199 0.2359 0.658 0.406 0.541;
4.000000 0.199 0.2359 0.658 0.406 0.541;
5.000000 0.199 0.2359 0.658 0.406 0.541;
6.000000 0.101638 0.13045 0.101764 0.29908 0.10693;
7.000000 0.101638 0.13045 0.101764 0.29908 0.10693;
8.000000 0.101638 0.13045 0.101764 0.29908 0.10693;
9.000000 0.7759 0.2158 0.8101 0.1648 0.3295;
10.000000 0.7759 0.2158 0.8101 0.1648 0.3295;
11.000000 0.7759 0.2158 0.8101 0.1648 0.3295;
12.000000 0.6067 0.2617 0.6175 0.6562 0.3835;
13.000000 0.6067 0.2617 0.6175 0.6562 0.3835;
14.000000 0.6067 0.2617 0.6175 0.6562 0.3835;
15.000000 0.217 0.151 0.343 0.19 0.235;
16.000000 0.217 0.151 0.343 0.19 0.235;
17.000000 0.217 0.151 0.343 0.19 0.235;
18.000000 0.1 0.1453 0.1 0.2404 1.018;
19.000000 0.1 0.1453 0.1 0.2404 1.018;
20.000000 0.1 0.1453 0.1 0.2404 1.018;
21.000000 0.1234 0.2662 0.5653 0.739 0.415;
22.000000 0.1234 0.2662 0.5653 0.739 0.415;
23.000000 0.1234 0.2662 0.5653 0.739 0.415;
24.000000 0.199 0.1138 0.199 0.1 0.1;
25.000000 0.199 0.1138 0.199 0.1 0.1;
26.000000 0.199 0.1138 0.199 0.1 0.1;
27.000000 0.1 0.1 0.1 0.1 0.1;
28.000000 0.1 0.1 0.1 0.1 0.1;
29.000000 0.1 0.1 0.1 0.1 0.1;

