30.000000 0.0921224 0.219786 0.284683 0.616004 0.466649 0.394738 0.147343 0.417673 0.282611;
31.000000 0.0921224 0.219786 0.284683 0.616004 0.466649 0.394738 0.147343 0.417673 0.282611;
32.000000 0.0921224 0.219786 0.284683 0.616004 0.466649 0.394738 0.147343 0.417673 0.282611;
33.000000 0.698449 0.711884 0.284683 0.616004 0.594549 0.394738 0.453924 0.705433 0.549183;
34.000000 0.698449 0.711884 0.284683 0.616004 0.594549 0.394738 0.453924 0.705433 0.549183;
35.000000 0.698449 0.711884 0.284683 0.616004 0.594549 0.394738 0.453924 0.705433 0.549183;
36.000000 0.321822 0.711884 0.653794 0.37571 0.696999 0.720496 0.291223 0.306019 0.400509;
37.000000 0.321822 0.711884 0.653794 0.37571 0.696999 0.720496 0.291223 0.306019 0.400509;
38.000000 0.321822 0.711884 0.653794 0.37571 0.696999 0.720496 0.291223 0.306019 0.400509;
39.000000 0.714518 0.711884 0.307706 0.37571 0.696999 0.720496 0.710227 0.735144 0.909446;
40.000000 0.714518 0.711884 0.307706 0.37571 0.696999 0.720496 0.710227 0.735144 0.909446;
41.000000 0.714518 0.711884 0.307706 0.37571 0.696999 0.720496 0.710227 0.735144 0.909446;
42.000000 0.714518 0.00713181 0.71946 0.915187 0.48985 0 0 0.850408 1;
43.000000 0.714518 0.00713181 0.71946 0.915187 0.48985 0 0 0.850408 1;
44.000000 0.714518 0.00713181 0.71946 0.915187 0.48985 0 0 0.850408 1;